0 12
0 13
0 50
0 51
0 52
0 53
0 55
0 63
0 103
0 150
0 151
0 158
0 160
0 205
1 12
1 13
1 49
1 51
1 52
1 55
1 62
1 150
1 159
1 161
1 165
1 204
2 0
2 3
2 49
2 50
2 55
2 66
2 74
2 102
2 108
2 112
2 116
2 153
2 155
2 156
2 157
2 164
2 165
2 168
2 177
2 179
2 191
2 195
2 199
2 206
3 1
3 2
3 21
3 49
3 50
3 54
3 56
3 63
3 64
3 65
3 75
3 102
3 103
3 117
3 144
3 155
3 156
3 157
3 169
3 184
4 0
4 19
4 47
4 120
4 155
4 162
4 200
5 1
5 18
5 20
5 40
5 48
5 71
5 141
5 156
5 162
5 199
5 201
5 209
6 10
6 12
6 13
6 21
6 39
6 49
6 50
6 51
6 53
6 54
6 62
6 63
6 70
6 120
6 160
7 11
7 13
7 40
7 50
7 51
7 52
7 53
7 54
7 63
7 117
7 135
7 150
7 151
8 16
8 17
9 18
10 0
10 12
10 14
10 19
10 37
10 39
10 45
10 104
10 153
10 177
11 1
11 7
11 13
11 20
11 38
11 69
11 154
12 17
12 49
12 51
12 102
12 149
12 153
12 156
12 158
12 159
12 181
12 182
12 203
13 50
13 52
13 55
13 148
13 158
13 159
13 181
13 202
13 204
13 226
14 10
14 22
14 37
14 45
14 52
14 53
14 54
14 56
14 57
14 58
14 60
14 61
14 62
14 142
14 153
14 200
15 9
15 38
15 48
15 72
15 148
15 149
16 8
16 9
16 10
16 12
16 48
16 73
16 148
16 152
17 19
17 68
17 105
17 148
18 5
18 20
18 69
18 104
18 149
19 10
19 12
19 13
19 56
19 99
19 155
19 158
19 198
19 200
19 227
20 11
20 12
20 13
20 55
20 56
20 99
20 159
20 199
20 201
20 203
21 2
21 49
21 55
21 56
21 169
22 54
22 55
22 74
22 76
22 135
22 136
22 167
22 177
22 188
23 75
23 77
23 136
23 166
23 190
24 183
24 199
24 204
25 49
25 50
25 51
25 52
25 53
25 54
25 62
25 72
25 73
25 136
25 140
25 208
26 78
26 242
27 87
27 94
27 243
28 80
28 94
28 243
28 244
29 30
29 245
30 95
30 246
31 247
34 50
36 122
36 123
36 252
37 10
37 12
37 16
37 45
38 11
38 13
38 18
39 0
39 4
39 10
39 12
39 45
39 49
39 51
39 53
39 54
39 158
39 160
40 1
40 5
40 11
40 13
40 50
40 52
40 53
40 54
40 56
40 105
40 141
40 178
41 12
41 17
41 19
41 45
41 148
42 10
42 11
42 13
42 40
43 45
43 104
43 105
43 142
44 46
44 105
44 143
45 10
45 12
45 14
46 11
46 69
46 77
46 154
47 49
47 54
47 55
47 148
48 18
48 50
48 56
48 149
48 209
49 27
49 28
49 29
49 30
49 32
49 33
49 34
49 35
49 36
49 50
49 52
49 53
49 60
49 78
49 79
49 80
49 81
49 82
49 83
49 84
49 85
49 86
49 91
49 92
49 114
49 135
49 136
49 215
49 216
49 217
49 218
49 219
49 221
49 222
49 223
49 224
49 225
50 3
50 26
50 27
50 28
50 29
50 30
50 31
50 32
50 33
50 34
50 35
50 36
50 49
50 51
50 53
50 54
50 55
50 56
50 78
50 79
50 80
50 81
50 82
50 83
50 84
50 85
50 86
50 89
50 91
50 92
50 114
50 115
50 124
50 125
50 135
50 136
50 155
50 185
50 186
50 215
50 216
50 217
50 218
50 219
50 221
50 222
50 223
50 224
50 252
51 28
51 29
51 30
51 31
51 34
51 35
51 49
51 50
51 52
51 53
51 54
51 55
51 56
51 66
51 139
51 215
51 220
51 223
51 227
51 239
52 26
52 28
52 29
52 30
52 31
52 32
52 35
52 49
52 50
52 51
52 82
52 105
52 217
52 222
52 244
53 26
53 29
53 30
53 35
53 36
53 49
53 50
53 78
53 79
53 80
53 81
53 82
53 85
53 114
53 135
53 185
53 186
53 187
53 218
54 30
54 35
54 49
54 50
54 51
54 53
54 78
54 79
54 80
54 81
54 82
54 85
54 86
54 90
54 101
54 114
54 134
54 185
54 186
54 187
54 215
54 216
54 219
54 224
55 26
55 49
55 50
55 78
55 79
55 80
55 81
55 136
55 145
55 185
55 186
55 187
55 214
55 216
55 243
55 244
56 26
56 27
56 28
56 49
56 50
56 54
56 78
56 79
56 80
56 89
56 185
56 186
56 187
56 214
56 215
56 216
56 217
56 218
57 51
57 52
57 58
57 59
57 60
57 61
57 62
57 63
57 66
57 104
57 125
57 138
57 142
57 143
57 226
58 43
58 45
58 51
58 52
58 57
58 60
58 61
58 62
58 63
58 105
58 142
59 50
59 51
59 52
59 54
59 55
59 56
59 57
59 62
59 66
59 85
59 126
59 135
59 139
59 141
59 143
59 145
59 224
60 5
60 51
60 52
60 53
60 57
60 58
60 61
60 62
60 71
60 141
60 142
60 143
60 159
60 162
60 199
60 201
60 242
61 6
61 7
61 25
61 51
61 52
61 54
61 57
61 58
61 60
61 63
61 138
61 140
61 155
61 162
61 198
61 200
62 50
62 51
62 52
62 53
62 55
62 58
62 60
62 105
62 133
62 135
62 136
62 139
62 154
62 163
63 49
63 50
63 51
63 52
63 53
63 54
63 56
63 62
63 135
63 136
63 143
63 186
64 51
64 55
64 56
64 67
64 99
64 124
64 125
64 137
64 158
64 159
64 182
64 193
64 203
65 142
65 158
65 159
65 169
65 176
65 181
65 198
65 202
65 203
66 55
66 58
66 79
66 94
66 105
66 141
66 146
66 185
66 186
66 187
67 3
67 51
67 52
67 63
67 78
67 135
67 136
67 138
67 144
67 152
67 196
67 214
68 0
68 8
68 17
68 19
68 37
68 70
69 5
69 9
69 18
69 20
69 48
69 71
69 154
69 156
69 162
70 4
70 13
70 19
70 51
70 198
71 5
71 20
71 38
71 40
71 52
71 162
71 201
72 12
72 50
72 55
72 56
72 73
72 148
72 149
72 155
72 156
73 17
73 49
73 55
73 148
73 155
74 56
74 106
74 116
74 118
74 148
74 150
74 151
74 160
74 163
74 170
74 177
74 180
74 191
74 199
74 206
74 210
75 55
75 107
75 109
75 117
75 119
75 149
75 150
75 151
75 163
75 166
75 171
75 178
75 179
75 180
75 190
75 199
75 207
75 211
76 6
76 56
76 110
76 116
76 120
76 150
76 151
76 160
76 166
76 179
76 192
77 38
77 55
77 111
77 117
77 121
77 150
77 151
77 161
77 164
77 167
77 180
77 193
78 94
78 242
78 243
79 94
79 242
79 243
79 244
80 29
80 81
80 89
80 95
80 244
80 245
81 80
81 89
81 95
81 245
81 246
82 90
82 246
82 247
83 245
83 246
83 247
86 252
87 26
87 27
87 28
87 94
87 242
87 243
87 244
88 80
88 95
88 244
88 245
88 246
89 29
89 30
89 95
89 96
89 245
89 246
89 247
90 96
90 247
93 252
94 79
94 243
95 80
95 244
95 245
98 233
98 250
99 19
99 25
99 47
99 48
99 49
99 50
99 51
99 55
99 56
99 88
99 89
99 90
99 91
99 92
99 93
99 124
99 135
99 136
99 144
99 159
99 162
99 182
99 183
99 184
99 185
99 198
99 199
99 200
99 201
99 215
99 225
99 226
99 236
100 66
100 85
100 101
100 122
100 130
100 140
101 12
101 13
101 49
101 50
101 51
101 64
101 65
101 145
101 148
101 149
101 155
101 156
101 176
102 2
102 3
102 12
102 13
102 49
102 50
102 51
102 52
102 53
102 54
102 99
102 103
103 3
103 13
103 49
103 50
103 51
103 52
103 53
103 54
103 55
103 56
103 63
103 99
103 102
103 135
103 226
104 10
104 19
104 20
104 39
104 40
104 44
104 45
104 54
104 57
104 62
104 70
104 71
104 105
104 153
104 158
104 186
104 241
105 12
105 13
105 19
105 20
105 30
105 39
105 54
105 57
105 62
105 66
105 70
105 82
105 83
105 104
105 139
105 143
105 154
105 178
105 185
105 187
105 219
105 238
105 239
105 245
106 144
106 157
106 160
106 167
106 170
106 210
107 161
107 171
108 56
108 106
108 166
108 168
108 169
108 170
108 171
108 174
109 55
109 56
109 107
109 166
109 167
109 168
109 169
109 170
109 171
109 173
109 179
109 209
110 108
110 160
110 166
110 212
111 109
111 161
111 167
111 174
112 2
112 55
112 108
112 118
112 120
112 150
112 157
112 168
112 169
112 174
112 175
112 208
113 3
113 109
113 117
113 119
113 121
113 157
113 168
113 173
113 175
113 207
114 49
114 50
114 53
114 54
114 62
114 128
114 138
114 146
115 49
115 50
115 53
115 54
115 63
115 134
115 136
115 144
115 146
116 56
116 74
116 76
116 110
116 148
116 166
116 168
116 170
116 173
116 202
116 203
116 205
116 210
117 55
117 75
117 77
117 107
117 111
117 113
117 149
117 167
117 168
117 171
117 174
117 203
117 204
117 205
118 151
118 167
118 196
119 150
119 151
119 166
119 180
119 197
120 110
120 150
120 157
120 160
120 171
120 194
121 111
121 151
121 157
121 161
121 170
121 174
121 195
122 36
122 86
122 139
122 252
123 252
124 64
124 99
124 125
124 137
124 144
124 222
125 64
125 99
125 135
125 136
126 54
126 57
126 59
126 60
126 61
126 99
126 127
126 128
126 129
126 142
127 59
127 61
127 85
127 99
127 126
127 128
127 129
127 142
128 49
128 50
128 53
128 129
128 135
128 225
129 49
129 50
129 53
129 54
129 57
129 85
129 128
129 135
129 136
129 225
130 49
130 86
130 99
130 114
130 135
130 225
131 61
131 86
131 99
131 115
131 130
131 136
131 225
132 104
133 31
133 49
133 50
133 53
133 54
133 99
133 105
133 124
133 125
133 135
134 49
134 50
134 53
134 54
134 59
134 115
134 138
135 26
135 49
135 50
135 51
135 52
135 53
135 54
135 55
135 56
135 62
135 63
135 79
135 82
135 83
135 88
135 89
135 90
135 91
135 92
135 93
135 99
135 136
135 152
135 163
135 196
135 228
135 229
135 230
135 231
135 233
135 235
135 236
136 25
136 27
136 49
136 50
136 51
136 52
136 53
136 54
136 55
136 56
136 66
136 86
136 88
136 89
136 90
136 91
136 92
136 93
136 102
136 115
136 124
136 135
136 144
136 147
136 152
136 197
136 229
136 231
136 232
136 233
136 235
137 64
137 67
137 99
137 124
137 125
137 135
137 144
138 49
138 52
138 53
138 54
138 55
138 58
138 59
138 62
138 63
138 66
138 94
138 134
138 135
138 139
138 145
138 146
138 153
139 49
139 51
139 52
139 54
139 55
139 62
139 63
139 66
139 96
139 105
139 134
139 135
139 138
139 145
139 146
139 238
139 239
139 247
139 248
140 0
140 25
140 49
140 50
140 51
140 52
140 54
140 56
140 61
140 136
140 155
141 5
141 25
141 40
141 49
141 50
141 51
141 52
141 60
141 66
141 95
141 101
141 135
141 136
141 143
141 156
141 159
141 178
142 10
142 43
142 45
142 104
142 177
143 11
143 46
143 51
143 58
143 66
143 69
143 94
143 101
143 105
143 145
143 154
143 242
144 0
144 31
144 51
144 52
144 62
144 63
144 64
144 86
144 88
144 89
144 99
144 106
144 107
144 110
144 111
144 124
144 125
144 136
144 160
144 161
144 185
145 12
145 13
145 64
145 65
145 66
145 101
145 155
145 156
145 157
145 175
145 176
145 199
146 62
146 145
146 147
146 225
147 50
147 54
147 136
147 145
147 225
148 13
148 47
148 49
148 52
148 54
148 55
148 56
148 73
148 205
149 12
149 20
149 50
149 55
149 56
149 72
149 156
149 157
149 202
150 1
150 49
150 50
150 65
150 158
150 159
150 165
150 198
150 202
150 203
150 205
151 1
151 49
151 50
151 199
151 202
151 203
151 204
151 205
152 27
152 83
152 94
152 95
152 96
152 246
152 252
153 22
153 51
153 52
153 61
153 63
153 140
153 158
154 40
154 51
154 52
154 57
154 60
154 62
154 63
154 105
154 135
154 136
154 141
154 159
154 161
155 20
155 24
155 55
155 56
155 65
155 73
155 101
155 148
155 162
155 176
155 180
156 56
156 64
156 65
156 149
156 162
156 179
157 5
157 19
157 20
157 48
157 73
157 74
157 75
157 76
157 77
157 112
157 113
157 118
157 119
157 120
157 121
157 148
157 149
157 160
157 161
157 174
157 175
157 213
158 49
158 51
158 52
158 148
158 168
158 169
158 182
158 183
158 184
158 203
158 204
159 1
159 12
159 49
159 51
159 52
159 62
159 64
159 149
159 163
159 168
159 169
159 176
159 183
159 184
159 202
159 203
160 118
160 119
161 118
161 119
162 9
162 19
162 20
162 47
162 71
162 73
162 99
162 104
162 140
162 155
162 208
162 209
163 55
163 56
163 64
163 65
163 66
163 75
163 76
163 77
163 117
163 148
163 149
163 158
163 159
163 166
163 168
163 169
163 203
163 205
163 213
164 168
164 182
164 193
164 203
165 166
165 169
165 171
165 175
165 181
165 192
165 202
165 205
166 171
167 170
167 210
168 117
168 167
168 169
168 174
168 176
169 64
169 159
169 163
169 166
169 168
170 167
171 166
171 195
171 197
172 148
172 149
175 203
176 64
176 65
176 145
176 156
176 169
176 178
177 0
177 13
177 22
177 24
177 39
177 49
177 52
177 55
177 74
177 152
177 168
177 169
177 170
177 180
177 192
177 196
177 197
177 200
177 208
178 1
178 40
178 50
178 52
178 53
178 56
178 62
178 162
178 168
178 169
178 171
178 209
179 169
180 174
180 177
181 12
181 49
181 158
181 159
181 178
182 13
182 50
182 116
182 158
182 159
182 176
182 177
183 12
183 24
183 49
183 117
183 158
183 159
183 203
184 50
184 158
184 159
184 202
185 215
188 13
188 22
188 49
188 50
188 55
188 102
188 151
188 163
188 176
189 6
189 12
189 49
189 51
189 52
189 99
189 151
189 179
189 180
198 50
198 172
198 184
199 49
199 172
199 183
200 175
200 181
201 175
201 182
202 205
204 144
204 164
204 167
204 203
205 165
205 166
205 202
206 51
206 74
206 108
206 151
206 167
206 192
206 199
206 208
207 1
207 52
207 75
207 109
207 113
207 151
207 168
207 169
207 193
207 198
207 209
208 39
208 47
208 51
208 55
208 63
208 150
208 155
208 177
209 48
209 51
209 52
209 56
209 121
209 156
209 161
209 169
209 178
209 193
210 56
210 148
210 167
210 170
210 202
210 203
211 55
211 56
211 149
211 166
211 171
211 202
212 52
212 56
212 110
212 148
212 157
212 163
212 166
212 171
212 197
212 205
213 49
213 55
213 111
213 149
213 167
213 170
213 195
213 196
213 204
214 94
214 242
215 49
215 94
215 216
215 226
215 242
215 243
216 94
216 95
216 217
216 243
216 244
217 53
217 95
217 228
217 245
218 95
218 96
218 246
219 96
219 230
219 246
219 247
220 96
220 97
220 248
221 97
221 222
221 231
221 233
221 248
221 249
222 97
222 98
222 145
222 233
222 250
224 139
224 235
225 36
225 85
225 86
225 93
225 114
225 135
225 136
225 224
225 252
226 13
226 94
226 99
226 158
226 176
226 181
226 182
226 185
226 214
226 216
226 242
226 243
227 94
227 95
227 215
227 238
227 243
227 244
228 95
228 217
229 95
229 96
230 96
230 247
231 97
231 221
231 232
231 247
231 248
232 97
233 98
233 222
233 234
233 250
233 251
234 98
234 233
234 251
235 145
236 136
236 225
237 66
237 94
237 95
237 96
237 101
237 145
237 238
237 239
237 242
237 243
237 244
237 245
237 246
237 247
238 90
238 94
238 95
238 96
238 101
238 136
238 143
238 145
238 237
238 239
238 242
238 243
238 245
238 246
238 247
239 66
239 94
239 95
239 96
239 97
239 101
239 105
239 139
239 141
239 143
239 237
239 238
239 242
239 243
239 244
239 245
239 246
239 247
239 248
240 51
240 61
240 237
240 239
240 241
241 57
241 58
241 101
241 104
241 117
241 145
241 206
241 239
241 240
242 94
242 214
243 94
243 215
243 227
244 216
244 227
246 50
246 218
246 229
247 49
247 219
247 230
249 97
249 221
251 98
251 234
252 50
252 135
252 136
252 225
