0 1
0 4
0 39
0 54
0 142
1 5
1 40
1 53
1 143
2 15
2 65
3 64
5 11
6 7
6 54
6 120
6 177
8 9
8 12
9 13
10 11
10 41
10 68
11 42
11 69
12 101
12 145
12 156
12 159
12 164
13 87
13 101
13 145
13 155
13 158
13 163
13 165
14 195
15 16
15 38
15 48
16 37
16 47
17 18
17 158
18 159
19 20
19 37
19 39
20 38
20 40
20 69
21 152
22 67
22 144
23 67
24 199
25 51
25 64
25 65
25 140
25 141
25 155
25 156
26 49
26 50
26 216
26 243
27 79
27 217
28 49
28 50
28 79
28 218
29 80
30 49
30 50
30 220
31 49
31 50
31 52
31 82
31 221
32 49
32 50
32 51
32 52
33 49
33 50
34 49
34 50
34 100
35 49
35 50
36 123
39 40
39 150
39 177
40 46
40 151
40 178
41 42
43 44
45 46
45 142
45 177
46 143
46 178
47 48
47 70
48 71
49 50
49 62
49 78
49 79
49 81
49 82
49 83
49 84
49 92
49 102
49 114
49 135
49 136
49 140
49 159
49 185
49 187
49 189
49 210
49 213
49 214
49 215
49 216
49 217
49 218
49 219
49 220
49 221
49 222
49 223
49 224
49 234
50 78
50 79
50 80
50 81
50 82
50 83
50 85
50 91
50 136
50 158
50 159
50 186
50 187
50 211
50 212
50 216
50 217
50 218
50 219
50 220
50 221
50 223
50 224
50 225
50 234
51 52
51 89
51 90
51 91
51 92
51 93
51 99
51 148
51 149
51 152
51 189
51 196
51 226
51 227
51 229
51 230
51 231
51 232
51 233
51 234
51 235
51 236
52 87
52 88
52 89
52 90
52 91
52 92
52 93
52 94
52 99
52 138
52 148
52 149
52 152
52 196
52 221
52 222
52 227
52 228
52 229
52 231
52 232
52 233
52 234
52 235
52 236
52 251
53 67
53 102
53 103
54 62
54 103
55 56
55 158
55 159
55 171
55 175
56 158
56 159
56 170
56 171
56 175
57 58
57 60
57 61
57 143
58 60
58 61
58 240
59 153
59 154
60 61
60 129
62 63
62 135
62 136
62 163
63 135
64 65
64 140
64 141
64 145
64 150
64 151
64 155
64 198
64 199
64 201
64 226
64 235
65 140
65 150
65 156
65 198
65 199
65 201
66 100
66 101
66 137
68 69
70 71
70 177
71 150
71 178
72 73
72 156
72 162
73 155
73 162
74 118
74 157
75 119
75 157
76 120
76 157
77 121
77 157
78 81
78 186
78 187
79 186
79 214
81 89
81 231
82 217
82 218
85 86
86 122
86 130
86 152
87 88
87 90
87 99
87 152
87 163
87 228
87 229
88 89
88 226
89 90
90 227
90 229
94 95
94 242
94 243
95 96
95 245
96 97
97 239
97 249
98 251
99 135
99 144
100 222
100 234
101 140
101 141
101 222
101 242
101 251
102 103
102 157
104 105
105 139
106 107
106 108
106 116
106 175
107 109
107 117
107 175
108 110
109 111
110 111
110 172
111 113
112 177
113 178
113 209
114 132
114 144
115 133
115 144
116 117
116 155
117 156
118 148
118 155
118 170
118 206
119 149
119 156
119 157
119 171
119 207
120 148
120 155
120 166
120 206
121 149
121 156
121 167
121 207
123 152
124 125
124 136
124 137
125 137
125 221
125 250
126 127
127 140
128 129
130 131
130 132
130 225
131 136
131 225
132 135
133 136
133 144
134 140
135 136
135 234
135 235
136 146
136 147
136 221
136 222
138 143
140 141
140 145
140 244
140 252
141 245
141 246
142 143
145 148
145 149
148 148
148 149
148 155
148 190
148 192
148 194
148 196
148 197
148 198
148 202
148 205
149 149
149 156
149 191
149 193
149 195
149 197
149 199
149 202
149 203
149 204
153 242
155 156
155 173
155 210
155 212
155 227
155 242
156 211
156 213
158 163
159 163
160 172
161 172
163 202
163 203
163 204
164 165
164 189
164 204
165 189
165 205
166 168
166 170
166 202
167 171
167 182
167 203
168 170
169 171
170 171
170 183
170 204
171 184
171 205
172 175
173 175
174 175
176 207
177 179
177 208
178 180
178 209
179 197
181 198
183 201
184 200
185 215
185 216
185 217
188 189
189 196
194 196
195 197
203 242
204 205
205 226
215 242
215 243
220 228
221 221
221 233
221 234
221 249
222 233
222 234
222 248
225 236
226 227
227 228
227 230
227 232
229 230
230 231
233 234
237 238
237 239
237 242
238 239
239 240
239 241
240 241
242 243
243 244
244 245
245 246
246 247
247 248
250 251
